{
 "cells": [
  {
   "cell_type": "markdown",
   "metadata": {},
   "source": [
    "<b>DataRoot block 3</b><br>Honcharov Danylo.\n",
    "<br> \n",
    "<details title=\"List of used materials. Click to open (or close)\">\n",
    "<summary>Used materials:<br></summary>\n",
    "<figure>\n",
    "Numpy:<ul> <li> http://www.labri.fr/perso/nrougier/from-python-to-numpy/ </li>\n",
    "<li>https://docs.scipy.org/doc/numpy/user/ </li>\n",
    "<li> https://www.dataquest.io/blog/numpy-tutorial-python/ </li>\n",
    "<li> https://github.com/rougier/numpy-tutorial </li> </ul>\n",
    "</figure>\n",
    "<figure>\n",
    "Scipy: <ul><li> https://docs.scipy.org/doc/scipy/reference/tutorial/index.html </li></ul>\n",
    "</figure>\n",
    "<figure>\n",
    "Pandas: <ul> <li> https://www.dataquest.io/blog/pandas-python-tutorial/</li>\n",
    "<li>http://www.gregreda.com/2013/10/26/intro-to-pandas-data-structures/</li>\n",
    "<li>http://www.gregreda.com/2013/10/26/working-with-pandas-dataframes/</li>\n",
    "<li>http://www.gregreda.com/2013/10/26/using-pandas-on-the-movielens-dataset/ </li> \n",
    "<li>http://machinelearningmastery.com/quick-and-dirty-data-analysis-with-pandas/</li></ul>\n",
    "</figure> <figure>\n",
    "Matplotlib: <ul> <li>http://nbviewer.jupyter.org/github/whitehorn/Scientific_graphics_in_python/blob/master/P1%20Chapter%201%20Pyplot.ipynb </li>\n",
    "<li>https://pythonworld.ru/novosti-mira-python/scientific-graphics-in-python.html </li> <li>http://matplotlib.org/users/pyplot_tutorial.html </li>\n",
    "<li>https://www.dataquest.io/blog/matplotlib-tutorial/ </li> </ul>\n",
    "</figure>\n",
    "<figure>\n",
    "Classification accuracy (metrics for quality assurance): <ul> <li> http://bazhenov.me/blog/2012/07/21/classification-performance-evaluation.html </li>\n",
    "<li>http://scikit-learn.org/stable/modules/model_evaluation.html</li>\n",
    "<li>http://machinelearningmastery.com/classification-accuracy-is-not-enough-more-performance-measures-you-can-use/</li></ul>\n",
    "</figure><figure>\n",
    "Preprocessing data: <ul><li>http://machinelearningmastery.com/prepare-data-machine-learning-python-scikit-learn/</li> </ul>\n",
    "</figure><figure>\n",
    "SVM theory: <ul><li> http://www.svm-tutorial.com/svm-tutorial/ </li>\n",
    "<li> http://www.machinelearning.ru/wiki/index.php?title=SVM </li>\n",
    "<ul> \n",
    "</figure>\n",
    "</details>"
   ]
  },
  {
   "cell_type": "markdown",
   "metadata": {},
   "source": [
    "<b>Author - Honcharov Danylo, project for DataRoot courses.</b>\n",
    "<p><font size=2>In this block students have to choose one of the several possible projects and do five task:\n",
    "<br> <ul>\n",
    "<li> 1.<a href=\"#task1\"> Explore the data.</a> </li>\n",
    "<li> 2. Choose 2 models (maybe more if you want) and metrics for quality assurance. </li>\n",
    "<li> 3. Implement the models and compare them. </li>\n",
    "<li> 4. Make some conclusions and ways to improve result. </li>\n",
    "<li> 5. Prepare iPython notebook and presentation. </li></ul>\n",
    "For some reasons I chose the project 4 from the projects list (projects list and tasks can be found at https://docs.google.com/document/d/1-Xz8Drk2NvDC4-jctFq19cCkAl0qSns8KPoYAZTSofI/edit ). <br> The project problem  - <b> Gender Recognition by Voice. </b> <pr> Dataset was used from https://www.kaggle.com/primaryobjects/voicegender.\n",
    "</font><br><br>\n",
    "<font size=4 id=\"task1\"><b>1. Task 1 - explore the data.</b> </font><br> Let's do it!\n",
    "<br> Okay, first we need somehow read data. We can just use pandas : "
   ]
  },
  {
   "cell_type": "code",
   "execution_count": 2,
   "metadata": {
    "collapsed": false,
    "scrolled": true
   },
   "outputs": [
    {
     "name": "stdout",
     "output_type": "stream",
     "text": [
      "   meanfreq        sd    median       Q25       Q75       IQR       skew  \\\n",
      "0  0.059781  0.064241  0.032027  0.015071  0.090193  0.075122  12.863462   \n",
      "1  0.066009  0.067310  0.040229  0.019414  0.092666  0.073252  22.423285   \n",
      "2  0.077316  0.083829  0.036718  0.008701  0.131908  0.123207  30.757155   \n",
      "3  0.151228  0.072111  0.158011  0.096582  0.207955  0.111374   1.232831   \n",
      "4  0.135120  0.079146  0.124656  0.078720  0.206045  0.127325   1.101174   \n",
      "\n",
      "          kurt    sp.ent       sfm  ...    centroid   meanfun    minfun  \\\n",
      "0   274.402906  0.893369  0.491918  ...    0.059781  0.084279  0.015702   \n",
      "1   634.613855  0.892193  0.513724  ...    0.066009  0.107937  0.015826   \n",
      "2  1024.927705  0.846389  0.478905  ...    0.077316  0.098706  0.015656   \n",
      "3     4.177296  0.963322  0.727232  ...    0.151228  0.088965  0.017798   \n",
      "4     4.333713  0.971955  0.783568  ...    0.135120  0.106398  0.016931   \n",
      "\n",
      "     maxfun   meandom    mindom    maxdom   dfrange   modindx  label  \n",
      "0  0.275862  0.007812  0.007812  0.007812  0.000000  0.000000   male  \n",
      "1  0.250000  0.009014  0.007812  0.054688  0.046875  0.052632   male  \n",
      "2  0.271186  0.007990  0.007812  0.015625  0.007812  0.046512   male  \n",
      "3  0.250000  0.201497  0.007812  0.562500  0.554688  0.247119   male  \n",
      "4  0.266667  0.712812  0.007812  5.484375  5.476562  0.208274   male  \n",
      "\n",
      "[5 rows x 21 columns]\n",
      "Length of data (how many samples): 3168\n"
     ]
    }
   ],
   "source": [
    "import pandas as pd\n",
    "data=pd.read_csv(\"voice.csv\")\n",
    "print(data.head())\n",
    "print(\"Length of data (how many samples):\",len(data))"
   ]
  },
  {
   "cell_type": "markdown",
   "metadata": {},
   "source": [
    "Important question - is our data balanced?"
   ]
  },
  {
   "cell_type": "code",
   "execution_count": 12,
   "metadata": {
    "collapsed": false,
    "scrolled": true
   },
   "outputs": [
    {
     "name": "stdout",
     "output_type": "stream",
     "text": [
      "Data absolutely balanced\n",
      "Each class containts: 1584\n"
     ]
    }
   ],
   "source": [
    "m_size=len(data[data['label']=='male'])\n",
    "f_size=len(data[data['label']=='female'])\n",
    "if(m_size==f_size):\n",
    "           print(\"Data absolutely balanced\")\n",
    "           print(\"Each class containts:\",m_size)\n",
    "else: \n",
    "           print(\"Data unbalanced\")\n",
    "           print(\"First class contains:\",m_size,\" ,second:\",f_size)"
   ]
  },
  {
   "cell_type": "markdown",
   "metadata": {},
   "source": [
    "And let's look, maybe we have some null values:"
   ]
  },
  {
   "cell_type": "code",
   "execution_count": 17,
   "metadata": {
    "collapsed": false,
    "scrolled": true
   },
   "outputs": [
    {
     "name": "stdout",
     "output_type": "stream",
     "text": [
      "meanfreq    False\n",
      "sd          False\n",
      "median      False\n",
      "Q25         False\n",
      "Q75         False\n",
      "IQR         False\n",
      "skew        False\n",
      "kurt        False\n",
      "sp.ent      False\n",
      "sfm         False\n",
      "mode        False\n",
      "centroid    False\n",
      "meanfun     False\n",
      "minfun      False\n",
      "maxfun      False\n",
      "meandom     False\n",
      "mindom      False\n",
      "maxdom      False\n",
      "dfrange     False\n",
      "modindx     False\n",
      "label       False\n",
      "dtype: bool\n"
     ]
    }
   ],
   "source": [
    "print(data.isnull().any())"
   ]
  },
  {
   "cell_type": "markdown",
   "metadata": {
    "collapsed": false
   },
   "source": [
    "Okay, we have 20 features and two classes. Let's see correlations between features (using pandas, of course, it's powerful)"
   ]
  },
  {
   "cell_type": "code",
   "execution_count": 3,
   "metadata": {
    "collapsed": false,
    "scrolled": true
   },
   "outputs": [
    {
     "data": {
      "text/html": [
       "<div>\n",
       "<table border=\"1\" class=\"dataframe\">\n",
       "  <thead>\n",
       "    <tr style=\"text-align: right;\">\n",
       "      <th></th>\n",
       "      <th>meanfreq</th>\n",
       "      <th>sd</th>\n",
       "      <th>median</th>\n",
       "      <th>Q25</th>\n",
       "      <th>Q75</th>\n",
       "      <th>IQR</th>\n",
       "      <th>skew</th>\n",
       "      <th>kurt</th>\n",
       "      <th>sp.ent</th>\n",
       "      <th>sfm</th>\n",
       "      <th>mode</th>\n",
       "      <th>centroid</th>\n",
       "      <th>meanfun</th>\n",
       "      <th>minfun</th>\n",
       "      <th>maxfun</th>\n",
       "      <th>meandom</th>\n",
       "      <th>mindom</th>\n",
       "      <th>maxdom</th>\n",
       "      <th>dfrange</th>\n",
       "      <th>modindx</th>\n",
       "    </tr>\n",
       "  </thead>\n",
       "  <tbody>\n",
       "    <tr>\n",
       "      <th>meanfreq</th>\n",
       "      <td>1.000000</td>\n",
       "      <td>-0.739039</td>\n",
       "      <td>0.925445</td>\n",
       "      <td>0.911416</td>\n",
       "      <td>0.740997</td>\n",
       "      <td>-0.627605</td>\n",
       "      <td>-0.322327</td>\n",
       "      <td>-0.316036</td>\n",
       "      <td>-0.601203</td>\n",
       "      <td>-0.784332</td>\n",
       "      <td>0.687715</td>\n",
       "      <td>1.000000</td>\n",
       "      <td>0.460844</td>\n",
       "      <td>0.383937</td>\n",
       "      <td>0.274004</td>\n",
       "      <td>0.536666</td>\n",
       "      <td>0.229261</td>\n",
       "      <td>0.519528</td>\n",
       "      <td>0.515570</td>\n",
       "      <td>-0.216979</td>\n",
       "    </tr>\n",
       "    <tr>\n",
       "      <th>sd</th>\n",
       "      <td>-0.739039</td>\n",
       "      <td>1.000000</td>\n",
       "      <td>-0.562603</td>\n",
       "      <td>-0.846931</td>\n",
       "      <td>-0.161076</td>\n",
       "      <td>0.874660</td>\n",
       "      <td>0.314597</td>\n",
       "      <td>0.346241</td>\n",
       "      <td>0.716620</td>\n",
       "      <td>0.838086</td>\n",
       "      <td>-0.529150</td>\n",
       "      <td>-0.739039</td>\n",
       "      <td>-0.466281</td>\n",
       "      <td>-0.345609</td>\n",
       "      <td>-0.129662</td>\n",
       "      <td>-0.482726</td>\n",
       "      <td>-0.357667</td>\n",
       "      <td>-0.482278</td>\n",
       "      <td>-0.475999</td>\n",
       "      <td>0.122660</td>\n",
       "    </tr>\n",
       "    <tr>\n",
       "      <th>median</th>\n",
       "      <td>0.925445</td>\n",
       "      <td>-0.562603</td>\n",
       "      <td>1.000000</td>\n",
       "      <td>0.774922</td>\n",
       "      <td>0.731849</td>\n",
       "      <td>-0.477352</td>\n",
       "      <td>-0.257407</td>\n",
       "      <td>-0.243382</td>\n",
       "      <td>-0.502005</td>\n",
       "      <td>-0.661690</td>\n",
       "      <td>0.677433</td>\n",
       "      <td>0.925445</td>\n",
       "      <td>0.414909</td>\n",
       "      <td>0.337602</td>\n",
       "      <td>0.251328</td>\n",
       "      <td>0.455943</td>\n",
       "      <td>0.191169</td>\n",
       "      <td>0.438919</td>\n",
       "      <td>0.435621</td>\n",
       "      <td>-0.213298</td>\n",
       "    </tr>\n",
       "    <tr>\n",
       "      <th>Q25</th>\n",
       "      <td>0.911416</td>\n",
       "      <td>-0.846931</td>\n",
       "      <td>0.774922</td>\n",
       "      <td>1.000000</td>\n",
       "      <td>0.477140</td>\n",
       "      <td>-0.874189</td>\n",
       "      <td>-0.319475</td>\n",
       "      <td>-0.350182</td>\n",
       "      <td>-0.648126</td>\n",
       "      <td>-0.766875</td>\n",
       "      <td>0.591277</td>\n",
       "      <td>0.911416</td>\n",
       "      <td>0.545035</td>\n",
       "      <td>0.320994</td>\n",
       "      <td>0.199841</td>\n",
       "      <td>0.467403</td>\n",
       "      <td>0.302255</td>\n",
       "      <td>0.459683</td>\n",
       "      <td>0.454394</td>\n",
       "      <td>-0.141377</td>\n",
       "    </tr>\n",
       "    <tr>\n",
       "      <th>Q75</th>\n",
       "      <td>0.740997</td>\n",
       "      <td>-0.161076</td>\n",
       "      <td>0.731849</td>\n",
       "      <td>0.477140</td>\n",
       "      <td>1.000000</td>\n",
       "      <td>0.009636</td>\n",
       "      <td>-0.206339</td>\n",
       "      <td>-0.148881</td>\n",
       "      <td>-0.174905</td>\n",
       "      <td>-0.378198</td>\n",
       "      <td>0.486857</td>\n",
       "      <td>0.740997</td>\n",
       "      <td>0.155091</td>\n",
       "      <td>0.258002</td>\n",
       "      <td>0.285584</td>\n",
       "      <td>0.359181</td>\n",
       "      <td>-0.023750</td>\n",
       "      <td>0.335114</td>\n",
       "      <td>0.335648</td>\n",
       "      <td>-0.216475</td>\n",
       "    </tr>\n",
       "    <tr>\n",
       "      <th>IQR</th>\n",
       "      <td>-0.627605</td>\n",
       "      <td>0.874660</td>\n",
       "      <td>-0.477352</td>\n",
       "      <td>-0.874189</td>\n",
       "      <td>0.009636</td>\n",
       "      <td>1.000000</td>\n",
       "      <td>0.249497</td>\n",
       "      <td>0.316185</td>\n",
       "      <td>0.640813</td>\n",
       "      <td>0.663601</td>\n",
       "      <td>-0.403764</td>\n",
       "      <td>-0.627605</td>\n",
       "      <td>-0.534462</td>\n",
       "      <td>-0.222680</td>\n",
       "      <td>-0.069588</td>\n",
       "      <td>-0.333362</td>\n",
       "      <td>-0.357037</td>\n",
       "      <td>-0.337877</td>\n",
       "      <td>-0.331563</td>\n",
       "      <td>0.041252</td>\n",
       "    </tr>\n",
       "    <tr>\n",
       "      <th>skew</th>\n",
       "      <td>-0.322327</td>\n",
       "      <td>0.314597</td>\n",
       "      <td>-0.257407</td>\n",
       "      <td>-0.319475</td>\n",
       "      <td>-0.206339</td>\n",
       "      <td>0.249497</td>\n",
       "      <td>1.000000</td>\n",
       "      <td>0.977020</td>\n",
       "      <td>-0.195459</td>\n",
       "      <td>0.079694</td>\n",
       "      <td>-0.434859</td>\n",
       "      <td>-0.322327</td>\n",
       "      <td>-0.167668</td>\n",
       "      <td>-0.216954</td>\n",
       "      <td>-0.080861</td>\n",
       "      <td>-0.336848</td>\n",
       "      <td>-0.061608</td>\n",
       "      <td>-0.305651</td>\n",
       "      <td>-0.304640</td>\n",
       "      <td>-0.169325</td>\n",
       "    </tr>\n",
       "    <tr>\n",
       "      <th>kurt</th>\n",
       "      <td>-0.316036</td>\n",
       "      <td>0.346241</td>\n",
       "      <td>-0.243382</td>\n",
       "      <td>-0.350182</td>\n",
       "      <td>-0.148881</td>\n",
       "      <td>0.316185</td>\n",
       "      <td>0.977020</td>\n",
       "      <td>1.000000</td>\n",
       "      <td>-0.127644</td>\n",
       "      <td>0.109884</td>\n",
       "      <td>-0.406722</td>\n",
       "      <td>-0.316036</td>\n",
       "      <td>-0.194560</td>\n",
       "      <td>-0.203201</td>\n",
       "      <td>-0.045667</td>\n",
       "      <td>-0.303234</td>\n",
       "      <td>-0.103313</td>\n",
       "      <td>-0.274500</td>\n",
       "      <td>-0.272729</td>\n",
       "      <td>-0.205539</td>\n",
       "    </tr>\n",
       "    <tr>\n",
       "      <th>sp.ent</th>\n",
       "      <td>-0.601203</td>\n",
       "      <td>0.716620</td>\n",
       "      <td>-0.502005</td>\n",
       "      <td>-0.648126</td>\n",
       "      <td>-0.174905</td>\n",
       "      <td>0.640813</td>\n",
       "      <td>-0.195459</td>\n",
       "      <td>-0.127644</td>\n",
       "      <td>1.000000</td>\n",
       "      <td>0.866411</td>\n",
       "      <td>-0.325298</td>\n",
       "      <td>-0.601203</td>\n",
       "      <td>-0.513194</td>\n",
       "      <td>-0.305826</td>\n",
       "      <td>-0.120738</td>\n",
       "      <td>-0.293562</td>\n",
       "      <td>-0.294869</td>\n",
       "      <td>-0.324253</td>\n",
       "      <td>-0.319054</td>\n",
       "      <td>0.198074</td>\n",
       "    </tr>\n",
       "    <tr>\n",
       "      <th>sfm</th>\n",
       "      <td>-0.784332</td>\n",
       "      <td>0.838086</td>\n",
       "      <td>-0.661690</td>\n",
       "      <td>-0.766875</td>\n",
       "      <td>-0.378198</td>\n",
       "      <td>0.663601</td>\n",
       "      <td>0.079694</td>\n",
       "      <td>0.109884</td>\n",
       "      <td>0.866411</td>\n",
       "      <td>1.000000</td>\n",
       "      <td>-0.485913</td>\n",
       "      <td>-0.784332</td>\n",
       "      <td>-0.421066</td>\n",
       "      <td>-0.362100</td>\n",
       "      <td>-0.192369</td>\n",
       "      <td>-0.428442</td>\n",
       "      <td>-0.289593</td>\n",
       "      <td>-0.436649</td>\n",
       "      <td>-0.431580</td>\n",
       "      <td>0.211477</td>\n",
       "    </tr>\n",
       "    <tr>\n",
       "      <th>mode</th>\n",
       "      <td>0.687715</td>\n",
       "      <td>-0.529150</td>\n",
       "      <td>0.677433</td>\n",
       "      <td>0.591277</td>\n",
       "      <td>0.486857</td>\n",
       "      <td>-0.403764</td>\n",
       "      <td>-0.434859</td>\n",
       "      <td>-0.406722</td>\n",
       "      <td>-0.325298</td>\n",
       "      <td>-0.485913</td>\n",
       "      <td>1.000000</td>\n",
       "      <td>0.687715</td>\n",
       "      <td>0.324771</td>\n",
       "      <td>0.385467</td>\n",
       "      <td>0.172329</td>\n",
       "      <td>0.491479</td>\n",
       "      <td>0.198150</td>\n",
       "      <td>0.477187</td>\n",
       "      <td>0.473775</td>\n",
       "      <td>-0.182344</td>\n",
       "    </tr>\n",
       "    <tr>\n",
       "      <th>centroid</th>\n",
       "      <td>1.000000</td>\n",
       "      <td>-0.739039</td>\n",
       "      <td>0.925445</td>\n",
       "      <td>0.911416</td>\n",
       "      <td>0.740997</td>\n",
       "      <td>-0.627605</td>\n",
       "      <td>-0.322327</td>\n",
       "      <td>-0.316036</td>\n",
       "      <td>-0.601203</td>\n",
       "      <td>-0.784332</td>\n",
       "      <td>0.687715</td>\n",
       "      <td>1.000000</td>\n",
       "      <td>0.460844</td>\n",
       "      <td>0.383937</td>\n",
       "      <td>0.274004</td>\n",
       "      <td>0.536666</td>\n",
       "      <td>0.229261</td>\n",
       "      <td>0.519528</td>\n",
       "      <td>0.515570</td>\n",
       "      <td>-0.216979</td>\n",
       "    </tr>\n",
       "    <tr>\n",
       "      <th>meanfun</th>\n",
       "      <td>0.460844</td>\n",
       "      <td>-0.466281</td>\n",
       "      <td>0.414909</td>\n",
       "      <td>0.545035</td>\n",
       "      <td>0.155091</td>\n",
       "      <td>-0.534462</td>\n",
       "      <td>-0.167668</td>\n",
       "      <td>-0.194560</td>\n",
       "      <td>-0.513194</td>\n",
       "      <td>-0.421066</td>\n",
       "      <td>0.324771</td>\n",
       "      <td>0.460844</td>\n",
       "      <td>1.000000</td>\n",
       "      <td>0.339387</td>\n",
       "      <td>0.311950</td>\n",
       "      <td>0.270840</td>\n",
       "      <td>0.162163</td>\n",
       "      <td>0.277982</td>\n",
       "      <td>0.275154</td>\n",
       "      <td>-0.054858</td>\n",
       "    </tr>\n",
       "    <tr>\n",
       "      <th>minfun</th>\n",
       "      <td>0.383937</td>\n",
       "      <td>-0.345609</td>\n",
       "      <td>0.337602</td>\n",
       "      <td>0.320994</td>\n",
       "      <td>0.258002</td>\n",
       "      <td>-0.222680</td>\n",
       "      <td>-0.216954</td>\n",
       "      <td>-0.203201</td>\n",
       "      <td>-0.305826</td>\n",
       "      <td>-0.362100</td>\n",
       "      <td>0.385467</td>\n",
       "      <td>0.383937</td>\n",
       "      <td>0.339387</td>\n",
       "      <td>1.000000</td>\n",
       "      <td>0.213987</td>\n",
       "      <td>0.375979</td>\n",
       "      <td>0.082015</td>\n",
       "      <td>0.317860</td>\n",
       "      <td>0.316486</td>\n",
       "      <td>0.002042</td>\n",
       "    </tr>\n",
       "    <tr>\n",
       "      <th>maxfun</th>\n",
       "      <td>0.274004</td>\n",
       "      <td>-0.129662</td>\n",
       "      <td>0.251328</td>\n",
       "      <td>0.199841</td>\n",
       "      <td>0.285584</td>\n",
       "      <td>-0.069588</td>\n",
       "      <td>-0.080861</td>\n",
       "      <td>-0.045667</td>\n",
       "      <td>-0.120738</td>\n",
       "      <td>-0.192369</td>\n",
       "      <td>0.172329</td>\n",
       "      <td>0.274004</td>\n",
       "      <td>0.311950</td>\n",
       "      <td>0.213987</td>\n",
       "      <td>1.000000</td>\n",
       "      <td>0.337553</td>\n",
       "      <td>-0.243426</td>\n",
       "      <td>0.355390</td>\n",
       "      <td>0.359880</td>\n",
       "      <td>-0.363029</td>\n",
       "    </tr>\n",
       "    <tr>\n",
       "      <th>meandom</th>\n",
       "      <td>0.536666</td>\n",
       "      <td>-0.482726</td>\n",
       "      <td>0.455943</td>\n",
       "      <td>0.467403</td>\n",
       "      <td>0.359181</td>\n",
       "      <td>-0.333362</td>\n",
       "      <td>-0.336848</td>\n",
       "      <td>-0.303234</td>\n",
       "      <td>-0.293562</td>\n",
       "      <td>-0.428442</td>\n",
       "      <td>0.491479</td>\n",
       "      <td>0.536666</td>\n",
       "      <td>0.270840</td>\n",
       "      <td>0.375979</td>\n",
       "      <td>0.337553</td>\n",
       "      <td>1.000000</td>\n",
       "      <td>0.099656</td>\n",
       "      <td>0.812838</td>\n",
       "      <td>0.811304</td>\n",
       "      <td>-0.180954</td>\n",
       "    </tr>\n",
       "    <tr>\n",
       "      <th>mindom</th>\n",
       "      <td>0.229261</td>\n",
       "      <td>-0.357667</td>\n",
       "      <td>0.191169</td>\n",
       "      <td>0.302255</td>\n",
       "      <td>-0.023750</td>\n",
       "      <td>-0.357037</td>\n",
       "      <td>-0.061608</td>\n",
       "      <td>-0.103313</td>\n",
       "      <td>-0.294869</td>\n",
       "      <td>-0.289593</td>\n",
       "      <td>0.198150</td>\n",
       "      <td>0.229261</td>\n",
       "      <td>0.162163</td>\n",
       "      <td>0.082015</td>\n",
       "      <td>-0.243426</td>\n",
       "      <td>0.099656</td>\n",
       "      <td>1.000000</td>\n",
       "      <td>0.026640</td>\n",
       "      <td>0.008666</td>\n",
       "      <td>0.200212</td>\n",
       "    </tr>\n",
       "    <tr>\n",
       "      <th>maxdom</th>\n",
       "      <td>0.519528</td>\n",
       "      <td>-0.482278</td>\n",
       "      <td>0.438919</td>\n",
       "      <td>0.459683</td>\n",
       "      <td>0.335114</td>\n",
       "      <td>-0.337877</td>\n",
       "      <td>-0.305651</td>\n",
       "      <td>-0.274500</td>\n",
       "      <td>-0.324253</td>\n",
       "      <td>-0.436649</td>\n",
       "      <td>0.477187</td>\n",
       "      <td>0.519528</td>\n",
       "      <td>0.277982</td>\n",
       "      <td>0.317860</td>\n",
       "      <td>0.355390</td>\n",
       "      <td>0.812838</td>\n",
       "      <td>0.026640</td>\n",
       "      <td>1.000000</td>\n",
       "      <td>0.999838</td>\n",
       "      <td>-0.425531</td>\n",
       "    </tr>\n",
       "    <tr>\n",
       "      <th>dfrange</th>\n",
       "      <td>0.515570</td>\n",
       "      <td>-0.475999</td>\n",
       "      <td>0.435621</td>\n",
       "      <td>0.454394</td>\n",
       "      <td>0.335648</td>\n",
       "      <td>-0.331563</td>\n",
       "      <td>-0.304640</td>\n",
       "      <td>-0.272729</td>\n",
       "      <td>-0.319054</td>\n",
       "      <td>-0.431580</td>\n",
       "      <td>0.473775</td>\n",
       "      <td>0.515570</td>\n",
       "      <td>0.275154</td>\n",
       "      <td>0.316486</td>\n",
       "      <td>0.359880</td>\n",
       "      <td>0.811304</td>\n",
       "      <td>0.008666</td>\n",
       "      <td>0.999838</td>\n",
       "      <td>1.000000</td>\n",
       "      <td>-0.429266</td>\n",
       "    </tr>\n",
       "    <tr>\n",
       "      <th>modindx</th>\n",
       "      <td>-0.216979</td>\n",
       "      <td>0.122660</td>\n",
       "      <td>-0.213298</td>\n",
       "      <td>-0.141377</td>\n",
       "      <td>-0.216475</td>\n",
       "      <td>0.041252</td>\n",
       "      <td>-0.169325</td>\n",
       "      <td>-0.205539</td>\n",
       "      <td>0.198074</td>\n",
       "      <td>0.211477</td>\n",
       "      <td>-0.182344</td>\n",
       "      <td>-0.216979</td>\n",
       "      <td>-0.054858</td>\n",
       "      <td>0.002042</td>\n",
       "      <td>-0.363029</td>\n",
       "      <td>-0.180954</td>\n",
       "      <td>0.200212</td>\n",
       "      <td>-0.425531</td>\n",
       "      <td>-0.429266</td>\n",
       "      <td>1.000000</td>\n",
       "    </tr>\n",
       "  </tbody>\n",
       "</table>\n",
       "</div>"
      ],
      "text/plain": [
       "          meanfreq        sd    median       Q25       Q75       IQR  \\\n",
       "meanfreq  1.000000 -0.739039  0.925445  0.911416  0.740997 -0.627605   \n",
       "sd       -0.739039  1.000000 -0.562603 -0.846931 -0.161076  0.874660   \n",
       "median    0.925445 -0.562603  1.000000  0.774922  0.731849 -0.477352   \n",
       "Q25       0.911416 -0.846931  0.774922  1.000000  0.477140 -0.874189   \n",
       "Q75       0.740997 -0.161076  0.731849  0.477140  1.000000  0.009636   \n",
       "IQR      -0.627605  0.874660 -0.477352 -0.874189  0.009636  1.000000   \n",
       "skew     -0.322327  0.314597 -0.257407 -0.319475 -0.206339  0.249497   \n",
       "kurt     -0.316036  0.346241 -0.243382 -0.350182 -0.148881  0.316185   \n",
       "sp.ent   -0.601203  0.716620 -0.502005 -0.648126 -0.174905  0.640813   \n",
       "sfm      -0.784332  0.838086 -0.661690 -0.766875 -0.378198  0.663601   \n",
       "mode      0.687715 -0.529150  0.677433  0.591277  0.486857 -0.403764   \n",
       "centroid  1.000000 -0.739039  0.925445  0.911416  0.740997 -0.627605   \n",
       "meanfun   0.460844 -0.466281  0.414909  0.545035  0.155091 -0.534462   \n",
       "minfun    0.383937 -0.345609  0.337602  0.320994  0.258002 -0.222680   \n",
       "maxfun    0.274004 -0.129662  0.251328  0.199841  0.285584 -0.069588   \n",
       "meandom   0.536666 -0.482726  0.455943  0.467403  0.359181 -0.333362   \n",
       "mindom    0.229261 -0.357667  0.191169  0.302255 -0.023750 -0.357037   \n",
       "maxdom    0.519528 -0.482278  0.438919  0.459683  0.335114 -0.337877   \n",
       "dfrange   0.515570 -0.475999  0.435621  0.454394  0.335648 -0.331563   \n",
       "modindx  -0.216979  0.122660 -0.213298 -0.141377 -0.216475  0.041252   \n",
       "\n",
       "              skew      kurt    sp.ent       sfm      mode  centroid  \\\n",
       "meanfreq -0.322327 -0.316036 -0.601203 -0.784332  0.687715  1.000000   \n",
       "sd        0.314597  0.346241  0.716620  0.838086 -0.529150 -0.739039   \n",
       "median   -0.257407 -0.243382 -0.502005 -0.661690  0.677433  0.925445   \n",
       "Q25      -0.319475 -0.350182 -0.648126 -0.766875  0.591277  0.911416   \n",
       "Q75      -0.206339 -0.148881 -0.174905 -0.378198  0.486857  0.740997   \n",
       "IQR       0.249497  0.316185  0.640813  0.663601 -0.403764 -0.627605   \n",
       "skew      1.000000  0.977020 -0.195459  0.079694 -0.434859 -0.322327   \n",
       "kurt      0.977020  1.000000 -0.127644  0.109884 -0.406722 -0.316036   \n",
       "sp.ent   -0.195459 -0.127644  1.000000  0.866411 -0.325298 -0.601203   \n",
       "sfm       0.079694  0.109884  0.866411  1.000000 -0.485913 -0.784332   \n",
       "mode     -0.434859 -0.406722 -0.325298 -0.485913  1.000000  0.687715   \n",
       "centroid -0.322327 -0.316036 -0.601203 -0.784332  0.687715  1.000000   \n",
       "meanfun  -0.167668 -0.194560 -0.513194 -0.421066  0.324771  0.460844   \n",
       "minfun   -0.216954 -0.203201 -0.305826 -0.362100  0.385467  0.383937   \n",
       "maxfun   -0.080861 -0.045667 -0.120738 -0.192369  0.172329  0.274004   \n",
       "meandom  -0.336848 -0.303234 -0.293562 -0.428442  0.491479  0.536666   \n",
       "mindom   -0.061608 -0.103313 -0.294869 -0.289593  0.198150  0.229261   \n",
       "maxdom   -0.305651 -0.274500 -0.324253 -0.436649  0.477187  0.519528   \n",
       "dfrange  -0.304640 -0.272729 -0.319054 -0.431580  0.473775  0.515570   \n",
       "modindx  -0.169325 -0.205539  0.198074  0.211477 -0.182344 -0.216979   \n",
       "\n",
       "           meanfun    minfun    maxfun   meandom    mindom    maxdom  \\\n",
       "meanfreq  0.460844  0.383937  0.274004  0.536666  0.229261  0.519528   \n",
       "sd       -0.466281 -0.345609 -0.129662 -0.482726 -0.357667 -0.482278   \n",
       "median    0.414909  0.337602  0.251328  0.455943  0.191169  0.438919   \n",
       "Q25       0.545035  0.320994  0.199841  0.467403  0.302255  0.459683   \n",
       "Q75       0.155091  0.258002  0.285584  0.359181 -0.023750  0.335114   \n",
       "IQR      -0.534462 -0.222680 -0.069588 -0.333362 -0.357037 -0.337877   \n",
       "skew     -0.167668 -0.216954 -0.080861 -0.336848 -0.061608 -0.305651   \n",
       "kurt     -0.194560 -0.203201 -0.045667 -0.303234 -0.103313 -0.274500   \n",
       "sp.ent   -0.513194 -0.305826 -0.120738 -0.293562 -0.294869 -0.324253   \n",
       "sfm      -0.421066 -0.362100 -0.192369 -0.428442 -0.289593 -0.436649   \n",
       "mode      0.324771  0.385467  0.172329  0.491479  0.198150  0.477187   \n",
       "centroid  0.460844  0.383937  0.274004  0.536666  0.229261  0.519528   \n",
       "meanfun   1.000000  0.339387  0.311950  0.270840  0.162163  0.277982   \n",
       "minfun    0.339387  1.000000  0.213987  0.375979  0.082015  0.317860   \n",
       "maxfun    0.311950  0.213987  1.000000  0.337553 -0.243426  0.355390   \n",
       "meandom   0.270840  0.375979  0.337553  1.000000  0.099656  0.812838   \n",
       "mindom    0.162163  0.082015 -0.243426  0.099656  1.000000  0.026640   \n",
       "maxdom    0.277982  0.317860  0.355390  0.812838  0.026640  1.000000   \n",
       "dfrange   0.275154  0.316486  0.359880  0.811304  0.008666  0.999838   \n",
       "modindx  -0.054858  0.002042 -0.363029 -0.180954  0.200212 -0.425531   \n",
       "\n",
       "           dfrange   modindx  \n",
       "meanfreq  0.515570 -0.216979  \n",
       "sd       -0.475999  0.122660  \n",
       "median    0.435621 -0.213298  \n",
       "Q25       0.454394 -0.141377  \n",
       "Q75       0.335648 -0.216475  \n",
       "IQR      -0.331563  0.041252  \n",
       "skew     -0.304640 -0.169325  \n",
       "kurt     -0.272729 -0.205539  \n",
       "sp.ent   -0.319054  0.198074  \n",
       "sfm      -0.431580  0.211477  \n",
       "mode      0.473775 -0.182344  \n",
       "centroid  0.515570 -0.216979  \n",
       "meanfun   0.275154 -0.054858  \n",
       "minfun    0.316486  0.002042  \n",
       "maxfun    0.359880 -0.363029  \n",
       "meandom   0.811304 -0.180954  \n",
       "mindom    0.008666  0.200212  \n",
       "maxdom    0.999838 -0.425531  \n",
       "dfrange   1.000000 -0.429266  \n",
       "modindx  -0.429266  1.000000  "
      ]
     },
     "execution_count": 3,
     "metadata": {},
     "output_type": "execute_result"
    }
   ],
   "source": [
    "data.corr()"
   ]
  },
  {
   "cell_type": "markdown",
   "metadata": {},
   "source": [
    "Oooh, we have some new information.<br> Let's go ahead with exploring data. Actually, we cave very intresting function - \"describe\". Let's use it."
   ]
  },
  {
   "cell_type": "code",
   "execution_count": 4,
   "metadata": {
    "collapsed": false,
    "scrolled": true
   },
   "outputs": [
    {
     "data": {
      "text/html": [
       "<div>\n",
       "<table border=\"1\" class=\"dataframe\">\n",
       "  <thead>\n",
       "    <tr style=\"text-align: right;\">\n",
       "      <th></th>\n",
       "      <th>meanfreq</th>\n",
       "      <th>sd</th>\n",
       "      <th>median</th>\n",
       "      <th>Q25</th>\n",
       "      <th>Q75</th>\n",
       "      <th>IQR</th>\n",
       "      <th>skew</th>\n",
       "      <th>kurt</th>\n",
       "      <th>sp.ent</th>\n",
       "      <th>sfm</th>\n",
       "      <th>mode</th>\n",
       "      <th>centroid</th>\n",
       "      <th>meanfun</th>\n",
       "      <th>minfun</th>\n",
       "      <th>maxfun</th>\n",
       "      <th>meandom</th>\n",
       "      <th>mindom</th>\n",
       "      <th>maxdom</th>\n",
       "      <th>dfrange</th>\n",
       "      <th>modindx</th>\n",
       "    </tr>\n",
       "  </thead>\n",
       "  <tbody>\n",
       "    <tr>\n",
       "      <th>count</th>\n",
       "      <td>3168.000000</td>\n",
       "      <td>3168.000000</td>\n",
       "      <td>3168.000000</td>\n",
       "      <td>3168.000000</td>\n",
       "      <td>3168.000000</td>\n",
       "      <td>3168.000000</td>\n",
       "      <td>3168.000000</td>\n",
       "      <td>3168.000000</td>\n",
       "      <td>3168.000000</td>\n",
       "      <td>3168.000000</td>\n",
       "      <td>3168.000000</td>\n",
       "      <td>3168.000000</td>\n",
       "      <td>3168.000000</td>\n",
       "      <td>3168.000000</td>\n",
       "      <td>3168.000000</td>\n",
       "      <td>3168.000000</td>\n",
       "      <td>3168.000000</td>\n",
       "      <td>3168.000000</td>\n",
       "      <td>3168.000000</td>\n",
       "      <td>3168.000000</td>\n",
       "    </tr>\n",
       "    <tr>\n",
       "      <th>mean</th>\n",
       "      <td>0.180907</td>\n",
       "      <td>0.057126</td>\n",
       "      <td>0.185621</td>\n",
       "      <td>0.140456</td>\n",
       "      <td>0.224765</td>\n",
       "      <td>0.084309</td>\n",
       "      <td>3.140168</td>\n",
       "      <td>36.568461</td>\n",
       "      <td>0.895127</td>\n",
       "      <td>0.408216</td>\n",
       "      <td>0.165282</td>\n",
       "      <td>0.180907</td>\n",
       "      <td>0.142807</td>\n",
       "      <td>0.036802</td>\n",
       "      <td>0.258842</td>\n",
       "      <td>0.829211</td>\n",
       "      <td>0.052647</td>\n",
       "      <td>5.047277</td>\n",
       "      <td>4.994630</td>\n",
       "      <td>0.173752</td>\n",
       "    </tr>\n",
       "    <tr>\n",
       "      <th>std</th>\n",
       "      <td>0.029918</td>\n",
       "      <td>0.016652</td>\n",
       "      <td>0.036360</td>\n",
       "      <td>0.048680</td>\n",
       "      <td>0.023639</td>\n",
       "      <td>0.042783</td>\n",
       "      <td>4.240529</td>\n",
       "      <td>134.928661</td>\n",
       "      <td>0.044980</td>\n",
       "      <td>0.177521</td>\n",
       "      <td>0.077203</td>\n",
       "      <td>0.029918</td>\n",
       "      <td>0.032304</td>\n",
       "      <td>0.019220</td>\n",
       "      <td>0.030077</td>\n",
       "      <td>0.525205</td>\n",
       "      <td>0.063299</td>\n",
       "      <td>3.521157</td>\n",
       "      <td>3.520039</td>\n",
       "      <td>0.119454</td>\n",
       "    </tr>\n",
       "    <tr>\n",
       "      <th>min</th>\n",
       "      <td>0.039363</td>\n",
       "      <td>0.018363</td>\n",
       "      <td>0.010975</td>\n",
       "      <td>0.000229</td>\n",
       "      <td>0.042946</td>\n",
       "      <td>0.014558</td>\n",
       "      <td>0.141735</td>\n",
       "      <td>2.068455</td>\n",
       "      <td>0.738651</td>\n",
       "      <td>0.036876</td>\n",
       "      <td>0.000000</td>\n",
       "      <td>0.039363</td>\n",
       "      <td>0.055565</td>\n",
       "      <td>0.009775</td>\n",
       "      <td>0.103093</td>\n",
       "      <td>0.007812</td>\n",
       "      <td>0.004883</td>\n",
       "      <td>0.007812</td>\n",
       "      <td>0.000000</td>\n",
       "      <td>0.000000</td>\n",
       "    </tr>\n",
       "    <tr>\n",
       "      <th>25%</th>\n",
       "      <td>0.163662</td>\n",
       "      <td>0.041954</td>\n",
       "      <td>0.169593</td>\n",
       "      <td>0.111087</td>\n",
       "      <td>0.208747</td>\n",
       "      <td>0.042560</td>\n",
       "      <td>1.649569</td>\n",
       "      <td>5.669547</td>\n",
       "      <td>0.861811</td>\n",
       "      <td>0.258041</td>\n",
       "      <td>0.118016</td>\n",
       "      <td>0.163662</td>\n",
       "      <td>0.116998</td>\n",
       "      <td>0.018223</td>\n",
       "      <td>0.253968</td>\n",
       "      <td>0.419828</td>\n",
       "      <td>0.007812</td>\n",
       "      <td>2.070312</td>\n",
       "      <td>2.044922</td>\n",
       "      <td>0.099766</td>\n",
       "    </tr>\n",
       "    <tr>\n",
       "      <th>50%</th>\n",
       "      <td>0.184838</td>\n",
       "      <td>0.059155</td>\n",
       "      <td>0.190032</td>\n",
       "      <td>0.140286</td>\n",
       "      <td>0.225684</td>\n",
       "      <td>0.094280</td>\n",
       "      <td>2.197101</td>\n",
       "      <td>8.318463</td>\n",
       "      <td>0.901767</td>\n",
       "      <td>0.396335</td>\n",
       "      <td>0.186599</td>\n",
       "      <td>0.184838</td>\n",
       "      <td>0.140519</td>\n",
       "      <td>0.046110</td>\n",
       "      <td>0.271186</td>\n",
       "      <td>0.765795</td>\n",
       "      <td>0.023438</td>\n",
       "      <td>4.992188</td>\n",
       "      <td>4.945312</td>\n",
       "      <td>0.139357</td>\n",
       "    </tr>\n",
       "    <tr>\n",
       "      <th>75%</th>\n",
       "      <td>0.199146</td>\n",
       "      <td>0.067020</td>\n",
       "      <td>0.210618</td>\n",
       "      <td>0.175939</td>\n",
       "      <td>0.243660</td>\n",
       "      <td>0.114175</td>\n",
       "      <td>2.931694</td>\n",
       "      <td>13.648905</td>\n",
       "      <td>0.928713</td>\n",
       "      <td>0.533676</td>\n",
       "      <td>0.221104</td>\n",
       "      <td>0.199146</td>\n",
       "      <td>0.169581</td>\n",
       "      <td>0.047904</td>\n",
       "      <td>0.277457</td>\n",
       "      <td>1.177166</td>\n",
       "      <td>0.070312</td>\n",
       "      <td>7.007812</td>\n",
       "      <td>6.992188</td>\n",
       "      <td>0.209183</td>\n",
       "    </tr>\n",
       "    <tr>\n",
       "      <th>max</th>\n",
       "      <td>0.251124</td>\n",
       "      <td>0.115273</td>\n",
       "      <td>0.261224</td>\n",
       "      <td>0.247347</td>\n",
       "      <td>0.273469</td>\n",
       "      <td>0.252225</td>\n",
       "      <td>34.725453</td>\n",
       "      <td>1309.612887</td>\n",
       "      <td>0.981997</td>\n",
       "      <td>0.842936</td>\n",
       "      <td>0.280000</td>\n",
       "      <td>0.251124</td>\n",
       "      <td>0.237636</td>\n",
       "      <td>0.204082</td>\n",
       "      <td>0.279114</td>\n",
       "      <td>2.957682</td>\n",
       "      <td>0.458984</td>\n",
       "      <td>21.867188</td>\n",
       "      <td>21.843750</td>\n",
       "      <td>0.932374</td>\n",
       "    </tr>\n",
       "  </tbody>\n",
       "</table>\n",
       "</div>"
      ],
      "text/plain": [
       "          meanfreq           sd       median          Q25          Q75  \\\n",
       "count  3168.000000  3168.000000  3168.000000  3168.000000  3168.000000   \n",
       "mean      0.180907     0.057126     0.185621     0.140456     0.224765   \n",
       "std       0.029918     0.016652     0.036360     0.048680     0.023639   \n",
       "min       0.039363     0.018363     0.010975     0.000229     0.042946   \n",
       "25%       0.163662     0.041954     0.169593     0.111087     0.208747   \n",
       "50%       0.184838     0.059155     0.190032     0.140286     0.225684   \n",
